1.243973738
1.209933912
1.206526723
1.231982838
1.234882034
1.238287380
1.214456791
1.229995438
1.213036180
1.211808582
1.102491421
1.085429324
1.085530663
1.112849760
1.110887578
1.108634776
1.091466556
1.092379777
1.098772645
1.085491297
.991154664
.973408193
.971103839
1.953582244
.996090875
.999334588
.974806773
1.018207393
1.005026172
.985133160
.893189964
.887257242
1.731011294
.886814022
.895637166
.886838748
.866458215
.888169905
.900923732
.874973385
.776623812
.767056424
1.513574809
.774345839
.767224452
.769232370
1.526051425
.770724828
.773579643
1.491616038
1.299073925
.652285559
1.307398212
.658527003
1.303875073
2.483421601
1.281833906
.653136510
.648621774
.653060781
.558204533
2.231399058
1.065152168
2.270413050
2.301801303
2.297816690
1.058428939
.544479180
.547227611
.538761075
2.067302388
2.040886291
2.074743021
2.097777984
2.098774672
2.078336472
2.049934855
2.109775027
2.081773921
2.026872042
1.850785398
1.806996202
1.827708476
1.824119918
1.854598565
1.853140667
1.821337473
1.847119665
1.836411895
1.514863538
1.794488775
1.791259078
1.759314959
1.800034147
1.800365021
1.801080943
1.789164382
1.786144494
1.805399235
1.764288762
1.618741722
1.620932433
1.600137194
3.252225567
1.624738374
1.598740151
1.610839304
1.600369177
1.634092175
1.578165065
1.439081732
1.430737942
1.428630540
1.434436582
1.450070971
1.438910430
2.870112134
1.520355749
1.443831954
1.398482290
1.279736319
1.298762587
1.294405279
1.280218523
1.278690387
1.265054748
2.512688408
1.258582610
1.263898957
1.250084601
1.094522719
1.103956463
2.164622022
1.099649607
1.108466129
1.085927321
2.178089684
1.095598907
2.173048103
2.154063055
.942829933
1.853973167
.932044881
1.849805692
1.861213118
.941739961
1.840186309
.927721214
.948647918
.932398535
.759779840
1.486526526
.766063253
.763626944
1.501741264
.761614372
1.498749421
.771354827
.771784870
.759501894
1.167081125
1.160335783
1.180878765
1.199037607
3.046640161
.594345716
1.217847414
.614804020
.602696696
.607261313
2.710175494
2.720672951
2.734881301
2.675694631
.449034242
2.658638893
.855993883
2.634705540
2.649676430
2.625521539
2.373930847
2.404671073
2.361295546
2.366036586
2.363444840
2.378419605
2.370745940
2.381057297
2.420205571
2.344220109
2.104522235
2.104255196
2.120236747
2.107663169
2.125641875
2.115028769
2.098680036
2.076632679
2.096979878
2.085533382
1.874649806
1.896886387
1.904330016
1.882888736
1.893191584
1.888176961
3.727750826
1.868067615
1.901939734
1.860994968
1.665339066
1.676250079
1.660748809
3.350398887
3.343978407
1.652269411
3.293860301
1.654745967
1.679486111
1.641230780
1.431163754
1.439407426
1.432056367
1.433596000
1.427103743
1.449819957
1.422226558
1.418386151
1.434247857
2.828712441
1.202693269
1.231783388
1.221583325
2.424445207
1.208199883
2.388164719
2.387620828
1.198619357
2.449173824
1.205215101
1.931766742
.997993650
1.002947703
1.936992605
1.983302510
.993569743
.969250931
2.035914186
.993997318
.984377193
1.512116563
.775445113
1.518130407
1.483949548
1.523962716
.777294675
1.494667640
.748978107
1.532667689
.767292213
.539902267
1.070503236
2.953384762
.545590765
1.096907317
3.427475662
3.398051295
3.398797597
1.116237824
1.079181811
3.034685020
2.990543196
3.000324129
2.957643706
2.984387653
2.992113894
2.971624161
2.958042808
2.991129537
2.966626307
2.657492143
2.643329181
2.657234521
2.641690554
2.661863631
2.649900074
2.643143539
2.667787230
2.654246974
2.661749461
2.328722754
2.343207821
2.342869861
2.374481193
2.367959859
4.830003929
2.325910503
2.340143339
4.682647015
2.331719009
2.021968703
2.034160670
2.034809753
2.058233659
2.053518315
4.050691931
2.018535773
2.027064491
2.023634023
2.026525181
1.753223487
1.769258701
3.559379119
1.760657410
1.774790431
3.532021539
3.560448205
1.787753669
3.524280468
1.822874804
1.515780910
2.924943113
1.492058107
2.902205911
1.486590250
2.938179601
1.516654759
2.982457334
2.937546641
1.484962846
1.227370372
2.366897829
2.389789761
1.166217512
1.206532343
2.380451172
2.431558777
2.387788928
1.235092307
1.206420064
.894051834
1.845090122
.964116347
.946998911
1.843851012
1.821614602
1.841917391
.943640656
1.831299560
.947099830
.666472031
1.250664859
1.305727390
.632253985
1.305758868
.630703913
.670879341
.628206288
1.278373991
.630061957
3.610253360
3.590343559
3.569277333
3.580742403
3.618563032
3.620299710
3.573956961
3.621404201
3.582600649
3.628076190
3.244056049
3.247268591
3.274477447
6.414049441
3.202563168
3.243419265
3.189350498
3.204916057
3.199201826
3.240560693
2.817797014
2.836916112
2.824248525
2.859817573
2.825232739
2.798460424
2.803010240
2.808645680
2.810759441
5.672349570
2.471823783
2.461031005
2.449890640
2.542486505
2.448498175
2.462561072
4.898367726
2.430371313
2.455508349
2.459065721
4.171673710
2.079477149
2.110559665
4.096226430
2.094164544
2.140570361
4.124308299
2.052537938
2.054191129
2.134149531
3.554969588
3.496982938
1.826262603
3.483722346
1.756949095
3.513574758
3.511535572
1.749254574
3.491814350
1.773608746
1.481441360
2.795550909
2.848075412
1.562052064
1.411915851
2.775198462
2.847440965
2.884783402
2.824097293
2.865883431
1.139339769
1.112344276
2.184514529
1.117471406
2.157721588
2.127369029
1.069502229
1.066227366
1.123816596
2.133626526
1.532107551
.774038792
.764775624
.785953982
.816438788
1.470658293
.784281827
.768266284
.775999464
1.498323732
4.170956646
4.162222493
4.143124335
4.162641812
4.199740729
4.238050683
4.189850923
4.198016300
4.174690927
4.170180402
3.757063254
3.728574584
3.715881057
3.775474508
3.730309246
3.727345134
3.696770049
3.720748344
3.707949305
3.745610612
3.297750700
6.626931417
3.334057670
3.295876395
3.495489118
3.365327181
3.535370440
3.360340676
3.282873310
3.318909628
2.864379728
2.886940433
2.886109281
2.867990232
2.845458548
2.872276269
2.847547690
5.703479806
5.693398218
2.838352144
2.496636726
2.412036651
2.443324457
4.874191022
2.415887830
2.417008709
2.388183784
2.506954769
2.437179412
2.401920972
4.051421012
4.031821501
4.048818638
1.954780097
1.987808985
4.014552430
2.072611056
1.996463071
4.017204071
1.990858031
1.641872072
1.691635825
3.348457522
1.683881679
1.684844930
1.608741256
1.682888457
3.273577072
1.679945133
1.620376432
2.485109769
1.292030029
2.563685380
1.284607946
1.293161573
1.281884389
1.293649627
2.485221665
2.458615295
2.487487950
1.752317158
.900681073
.908725772
.889265599
.886080852
.881892399
1.719666747
.921537452
1.736420636
.890128354
4.915878017
4.853253322
4.818194853
4.843896971
4.855021488
4.786368947
4.839808920
4.842233769
4.839712188
4.799146058
4.294524857
4.260735329
4.252041304
4.287074143
4.326158993
4.374699472
4.290298018
4.242767459
4.227939416
4.231044941
3.742438507
3.765150642
3.752864888
3.738475054
3.740283315
3.757909953
3.747772941
3.736777241
3.764101449
7.591372770
3.271370865
3.288335229
3.333193431
3.257312587
3.254827429
3.260256172
3.337114856
6.623493459
3.291673616
3.231466835
2.757353031
2.760198600
5.536050675
5.523656175
2.793229705
5.595245455
5.527994712
2.787988572
2.794803565
5.508428536
4.560898926
4.581468456
2.270265545
4.520837931
2.264899718
2.268157299
2.270540571
2.373470800
4.611443152
2.326656312
3.733857190
1.894351412
1.917512215
3.702480858
1.897217098
1.913087979
1.824326551
1.922476269
3.716934571
1.895506638
1.468444536
2.779616653
2.845282363
1.452513535
1.440844073
2.746066403
2.774713622
1.452166531
1.461989195
1.449805524
1.920355560
1.883230453
1.982799683
1.005380669
1.003646172
.999225383
1.008135362
.938279828
1.931573037
1.921846060
5.395479891
5.512702162
5.417409986
5.388967322
5.504461844
5.389659282
5.374822553
5.395379511
5.401586206
5.394587719
4.833118115
9.666215946
4.856004458
4.842893826
4.819728748
4.912034811
9.670009918
4.819877340
9.690052349
4.836303889
4.231413905
4.281288890
4.214200269
4.202470421
4.208660695
8.531494633
4.232620165
4.163525256
4.231828711
8.603175189
7.407113349
3.698730492
7.335846031
3.628488935
7.416093834
3.760776271
7.420151246
7.352041614
7.508599009
3.644724211
3.095684039
3.155158068
6.332210511
6.305818418
3.207592493
6.297138021
6.320456037
6.240422982
6.364464363
6.313415025
2.558797540
2.682982928
5.140751922
5.147245052
2.506906682
5.164869605
5.238858649
5.153886462
2.677924535
5.114229195
4.161078461
4.095303340
4.116440988
4.069539983
2.132532562
2.124663700
2.112300148
1.974252261
2.184197940
2.128849334
1.645386600
1.621351357
1.678300471
1.621306978
1.619783279
3.094795641
1.625680072
3.156513554
1.652313013
1.629004450
1.138514528
1.105335030
1.155467898
2.193933918
2.124939560
1.095930686
1.045026936
1.127541968
2.178517621
1.137179853
